1228,6,,74.24,14417,Won,1593,1,402
1229,7,,25.66,4982,Lost,1594,1,402
1230,6,,64.75,11895,Won,1595,1,403
1231,7,,35.15,6458,Lost,1596,1,403
1232,6,,63.94,12387,Won,1597,1,404
1233,7,,35.74,6925,Lost,1598,1,404
1234,6,,60.94,11905,Won,1599,1,405
1235,7,,38.99,7617,Lost,1600,1,405
1236,6,,36.55,8017,Lost,1601,1,406
1237,7,,63.25,13874,Won,1602,1,406
1238,6,,40.32,9090,Lost,1603,1,407
1239,7,,59.57,13429,Won,1604,1,407
1240,6,,37.72,7066,Lost,1605,1,408
1241,7,,62.2,11653,Won,1606,1,408
1242,6,,46.09,9460,Lost,1607,1,409
1243,7,,53.85,11054,Won,1608,1,409
1244,6,,53.88,10318,Won,1609,1,410
1245,7,,45.99,8808,Lost,1610,1,410
1246,6,,53.61,11499,Won,1611,1,411
1247,7,,42.01,9011,Lost,1612,1,411
1248,8,,4.28,919,Lost,1613,1,411
1249,6,,40.76,8209,Lost,1614,1,412
1250,7,,58.85,11852,Won,1615,1,412
1251,6,,39.44,8558,Lost,1616,1,413
1252,7,,60.42,13111,Won,1617,1,413
1253,6,,29.42,6678,Lost,1618,1,414
1254,7,,70.3,15956,Won,1619,1,414
1255,6,,28.92,5641,Lost,1620,1,415
1256,7,,70.87,13824,Won,1621,1,415
1257,6,,65.19,14196,Won,1622,1,416
1258,7,,34.7,7556,Lost,1623,1,416
1259,6,,64.87,14749,Won,1624,1,417
1260,7,,35.02,7962,Lost,1625,1,417
1261,6,,68.53,13304,Won,1626,1,418
1262,7,,31.31,6078,Lost,1627,1,418
1263,6,,72.3,14139,Won,1628,1,419
1264,7,,27.62,5402,Lost,1629,1,419
1265,6,,59.32,12919,Won,1630,1,420
1266,7,,40.55,8831,Lost,1631,1,420
1267,6,,63.13,14074,Won,1632,1,421
1268,7,,36.78,8200,Lost,1633,1,421
1269,6,,40.18,7968,Lost,1634,1,422
1270,7,,59.68,11833,Won,1635,1,422
1271,6,,60.4,10904,Won,1636,1,423
1272,7,,39.45,7122,Lost,1637,1,423
1273,6,,60.46,13021,Won,1638,1,424
1274,7,,39.46,8498,Lost,1639,1,424
1275,6,,98.23,18276,Won,1640,1,425
1276,6,,66.02,14023,Won,1641,1,426
1277,7,,33.9,7201,Lost,1642,1,426
1278,6,,69.63,14882,Won,1643,1,427
1279,7,,30.25,6465,Lost,1644,1,427
1280,6,,54.65,10961,Won,1645,1,428
1281,7,,45.17,9059,Lost,1646,1,428
1282,6,,51.2,8887,Won,1647,1,429
1283,7,,48.55,8427,Lost,1648,1,429
1284,6,,63.69,12317,Won,1649,1,430
1285,7,,36.05,6973,Lost,1650,1,430
1286,6,,68.88,14949,Won,1651,1,431
1287,7,,31.02,6732,Lost,1652,1,431
1288,6,,68.1,13048,Won,1653,1,432
1289,7,,31.81,6096,Lost,1654,1,432
1290,6,,73.06,14529,Won,1655,1,433
1291,7,,26.82,5333,Lost,1656,1,433
1292,6,,59.01,11603,Won,1657,1,434
1293,7,,40.91,8045,Lost,1658,1,434
1294,6,,59.51,11908,Won,1659,1,435
1295,7,,40.36,8075,Lost,1660,1,435
1296,6,,97.81,17787,Won,1661,1,436
1297,6,,67.8,13167,Won,1662,1,437
1298,7,,32.08,6229,Lost,1663,1,437
1299,6,,47.23,10003,Lost,1664,1,438
1300,7,,52.68,11158,Won,1665,1,438
1301,6,,40.23,7685,Lost,1666,1,439
1302,7,,59.55,11377,Won,1667,1,439
1303,6,,60.81,13128,Won,1668,1,440
1304,7,,39.07,8434,Lost,1669,1,440
1305,6,,45.77,9754,Lost,1670,1,441
1306,7,,54.15,11538,Won,1671,1,441
1307,6,,54.99,11643,Won,1672,1,442
1308,7,,44.88,9503,Lost,1673,1,442
1309,6,,65.26,13688,Won,1674,1,443
1310,7,,34.66,7270,Lost,1675,1,443
1311,6,,71.98,14316,Won,1676,1,444
1312,7,,27.98,5564,Lost,1677,1,444
1313,6,,69.48,11890,Won,1678,1,445
1314,7,,30.43,5207,Lost,1679,1,445
1315,6,,68.14,13700,Won,1680,1,446
1316,7,,31.78,6390,Lost,1681,1,446
1317,6,,66.91,13332,Won,1682,1,447
1318,7,,32.99,6574,Lost,1683,1,447
1319,6,,56.87,11156,Won,1684,1,448
1320,7,,43.02,8439,Lost,1685,1,448
1321,6,,58.39,10475,Won,1686,1,449
1322,7,,41.47,7441,Lost,1687,1,449
1323,6,,59.96,12934,Won,1688,1,450
1324,7,,39.94,8615,Lost,1689,1,450
1325,6,,48.08,10106,Lost,1690,1,451
1326,7,,51.79,10886,Won,1691,1,451
1327,6,,39.98,7168,Lost,1692,1,452
1328,7,,59.89,10737,Won,1693,1,452
1329,6,,59.14,13832,Won,1694,1,453
1330,7,,40.73,9526,Lost,1695,1,453
1331,6,,61.71,12329,Won,1696,1,454
1332,7,,38.21,7633,Lost,1697,1,454
1333,6,,46.3,8192,Lost,1698,1,455
1334,7,,53.61,9485,Won,1699,1,455
1335,6,,36.72,6897,Lost,1700,1,456
1336,7,,63.15,11862,Won,1858,1,456
1337,6,,54.54,11614,Won,1702,1,457
1338,7,,45.32,9651,Lost,1703,1,457
1339,6,,69.62,14916,Won,1704,1,458
1340,7,,30.26,6482,Lost,1705,1,458
1341,6,,65.53,12808,Won,1706,1,459
1342,7,,34.35,6714,Lost,1707,1,459
1343,6,,68.58,14305,Won,1708,1,460
1344,7,,31.29,6527,Lost,1709,1,460
1345,6,,70.16,15050,Won,1710,1,461
1346,7,,29.7,6371,Lost,1711,1,461
1347,6,,70.33,14815,Won,1712,1,462
1348,7,,29.47,6208,Lost,1713,1,462
1349,6,,66.42,14785,Won,1714,1,463
1350,7,,33.41,7438,Lost,1715,1,463
1351,6,,63,12928,Won,1716,1,464
1352,7,,36.79,7551,Lost,1717,1,464
1353,6,,67.76,17162,Won,1718,1,465
1354,7,,32.05,8117,Lost,1719,1,465
1355,6,,60.34,14836,Won,1720,1,466
1356,7,,39.51,9715,Lost,1721,1,466
1357,6,,65.9,15518,Won,1722,1,467
1358,7,,33.95,7996,Lost,1723,1,467
1359,6,,55.83,13773,Won,1724,1,468
1360,7,,43.95,10841,Lost,1725,1,468
1361,6,,61.35,12768,Won,1726,1,469
1362,7,,38.48,8009,Lost,1727,1,469
1363,6,,64.74,14705,Won,1728,1,470
1364,7,,35.17,7990,Lost,1729,1,470
1365,6,,58.21,12119,Won,1730,1,471
1366,7,,41.56,8652,Lost,1731,1,471
1367,6,,44.11,9560,Lost,1732,1,472
1368,7,,55.66,12064,Won,1733,1,472
1369,6,,44.49,8946,Lost,1734,1,473
1370,7,,47.17,9485,Won,1735,1,473
1371,9,,8.19,1647,Lost,1736,1,473
1372,6,,50.26,11473,Won,1737,1,474
1373,7,,49.52,11305,Lost,1738,1,474
1374,6,,61.4,13471,Won,1739,1,475
1375,7,,38.51,8448,Lost,1740,1,475
1376,6,,56.94,13874,Won,1741,1,476
1377,7,,42.95,10465,Lost,1742,1,476
1378,6,,61.43,14565,Won,1743,1,477
1379,7,,38.48,9124,Lost,1744,1,477
1380,6,,59.02,13793,Won,1745,1,478
1381,7,,40.92,9564,Lost,1746,1,478
1382,7,,96.39,11548,Won,1747,1,479
1383,6,,30.24,4872,Lost,1748,1,480
1384,7,,69.24,11154,Won,1749,1,480
1385,6,,39.43,7946,Lost,1750,1,481
1386,7,,60.38,12168,Won,1751,1,481
1387,6,,36.5,7465,Lost,1752,1,482
1388,7,,63.24,12936,Won,1753,1,482
1389,6,,50.18,11662,Won,1754,1,483
1390,7,,49.64,11537,Lost,1755,1,483
1391,6,,42.92,9688,Lost,1756,1,484
1392,7,,56.9,12845,Won,1757,1,484
1393,6,,44.84,9767,Lost,1758,1,485
1394,7,,54.95,11970,Won,1759,1,485
1395,6,,40.23,8123,Lost,1760,1,486
1396,7,,59.52,12017,Won,1761,1,486
1397,6,,54.04,13486,Won,1762,1,487
1398,7,,45.82,11433,Lost,1763,1,487
1399,6,,44.89,11393,Lost,1764,1,488
1400,7,,54.89,13929,Won,1765,1,488
1401,6,,42.94,8797,Lost,1766,1,489
1402,7,,56.8,11635,Won,1767,1,489
1403,6,,31.65,7098,Lost,1768,1,490
1404,7,,68.04,15261,Won,1769,1,490
1405,6,,35.84,8525,Lost,1770,1,491
1406,7,,63.85,15187,Won,1771,1,491
1407,6,,30.97,6760,Lost,1772,1,492
1408,7,,68.67,14988,Won,1773,1,492
1409,6,,71.5,16696,Won,1774,1,493
1410,7,,28.4,6631,Lost,1775,1,493
1411,6,,62.47,14191,Won,1776,1,494
1412,7,,37.46,8510,Lost,1777,1,494
1413,6,,48.18,12110,Lost,1778,1,495
1414,7,,51.66,12984,Won,1779,1,495
1415,6,,62.25,13559,Won,1780,1,496
1416,7,,37.57,8183,Lost,1781,1,496
1417,6,,51.04,13075,Won,1782,1,497
1418,7,,48.79,12499,Lost,1783,1,497
1419,6,,44.39,11542,Lost,1784,1,498
1420,7,,55.38,14399,Won,1785,1,498
1421,6,,36.53,7074,Lost,1786,1,499
1422,7,,63.09,12217,Won,1787,1,499
1423,6,,46.2,10429,Lost,1788,1,500
1424,7,,53.54,12084,Won,1789,1,500
1425,6,,41.99,8769,Lost,1790,1,501
1426,7,,57.64,12036,Won,1791,1,501
1427,6,,43.35,10212,Lost,1792,1,502
1428,7,,56.5,13311,Won,1793,1,502
1429,6,,36.55,7929,Lost,1794,1,503
1430,7,,63.33,13737,Won,1795,1,503
1431,6,,50.17,11001,Won,1796,1,504
1432,7,,49.62,10880,Lost,1797,1,504
1433,6,,40.8,8535,Lost,1798,1,505
1434,7,,59.03,12348,Won,1799,1,505
1435,6,,56.35,13740,Won,1800,1,506
1436,7,,43.56,10620,Lost,1801,1,506
1437,6,,51.43,10483,Won,1802,1,507
1438,7,,48.46,9877,Lost,1803,1,507
1439,6,,55.27,11958,Won,1804,1,508
1440,7,,44.53,9633,Lost,1805,1,508
1441,6,,55.78,10898,Won,1806,1,509
1442,7,,43.99,8594,Lost,1807,1,509
1443,6,,69.05,15947,Won,1808,1,510
1444,7,,30.79,7112,Lost,1809,1,510
1445,6,,55.96,12069,Won,1810,1,511
1446,7,,43.89,9466,Lost,1811,1,511
1447,6,,52.37,11215,Won,1812,1,512
1448,7,,47.46,10165,Lost,1813,1,512
1449,6,,47.52,10758,Lost,1814,1,513
1450,7,,52.23,11825,Won,1815,1,513
1451,6,,53.66,12382,Won,1816,1,514
1452,7,,46.18,10656,Lost,1817,1,514
1453,6,,60.65,13691,Won,1818,1,515
1454,7,,39.22,8852,Lost,1819,1,515
1455,6,,64.78,13926,Won,1820,1,516
1456,7,,35.08,7542,Lost,1821,1,516
1457,6,,18.6,2903,Lost,1822,1,517
1458,7,,80.62,12585,Won,1823,1,517
1459,6,,22.85,4440,Lost,1824,1,518
1460,7,,76.56,14877,Won,1825,1,518
1461,7,,73.55,15587,Won,1826,1,519
1462,10,,25.59,5423,Lost,1827,1,519
1463,6,,19.21,3820,Lost,1828,1,520
1464,7,,79.77,15860,Won,1829,1,520
1465,6,,20.53,5615,Lost,1830,1,521
1466,7,,79.16,21656,Won,1831,1,521
1467,6,,19.36,4885,Lost,1832,1,522
1468,7,,80.4,20282,Won,1833,1,522
1469,6,,11.16,1600,Lost,1834,1,523
1470,7,,88.26,12657,Won,1835,1,523
1471,7,,98.45,16759,Won,1836,1,524
1472,6,,14.35,3427,Lost,1837,1,525
1473,7,,85.3,20366,Won,1838,1,525
1474,6,,23.43,5465,Lost,1839,1,526
1475,7,,76.19,17769,Won,1840,1,526
1476,6,,20.03,4588,Lost,1841,1,527
1477,7,,79.7,18254,Won,1842,1,527
1478,6,,25.02,6103,Lost,1843,1,528
1479,7,,74.77,18242,Won,1844,1,528
1480,6,,16.76,2564,Lost,1845,1,529
1481,7,,82.79,12665,Won,1846,1,529
1482,6,,22.56,4098,Lost,1847,1,530
1483,7,,77.03,13995,Won,1848,1,530
1484,6,,31.45,7067,Lost,1849,1,531
1485,7,,68.41,15372,Won,1850,1,531
1486,6,,19.8,2903,Lost,1851,1,532
1487,7,,79.73,11687,Won,1852,1,532
1488,6,,23.2,3022,Lost,1853,1,533
1489,7,,76.34,9945,Won,1854,1,533
1490,6,,24.59,3553,Lost,1855,1,534
1491,7,,69.35,10021,Won,1856,1,534
1492,9,,5.67,820,Lost,1857,1,534
1493,6,,53.22,3789,Won,1860,4,602
1495,7,,46.73,3327,Lost,1861,4,602
1742,6,,61.41,23108,Won,1862,1,535
1743,7,,38.54,14501,Lost,1863,1,535
1744,6,,56.6,22232,Won,1864,1,536
1745,7,,43.29,17002,Lost,1865,1,536
1746,6,,38.49,16923,Lost,1866,1,537
1747,7,,61.36,26977,Won,1867,1,537
1748,6,,44.74,17382,Lost,1868,1,538
1749,7,,55.13,21420,Won,1869,1,538
1750,6,,50.59,20240,Won,1870,1,539
1751,7,,49.21,19687,Lost,1871,1,539
1752,6,,37.13,15555,Lost,1872,1,540
1753,7,,62.69,26260,Won,1873,1,540
1754,6,,34.25,14470,Lost,1874,1,541
1755,7,,65.5,27677,Won,1875,1,541
1756,6,,66.26,29302,Won,1876,1,542
1757,7,,33.67,14892,Lost,1877,1,542
1758,6,,71.19,27749,Won,1878,1,543
1759,7,,28.71,11191,Lost,1879,1,543
1760,6,,64.31,27923,Won,1880,1,544
1761,7,,35.56,15440,Lost,1881,1,544
1762,6,,45.36,17079,Lost,1882,1,545
1763,7,,54.5,20519,Won,1883,1,545
1764,6,,67.6,28254,Won,1884,1,546
1765,7,,32.34,13515,Lost,1885,1,546
1766,6,,68.6,29235,Won,1886,1,547
1767,7,,31.3,13338,Lost,1887,1,547
1768,6,,47.41,17520,Won,1888,1,548
1769,7,,47.01,17372,Lost,1889,1,548
1770,9,,5.47,2021,Lost,1890,1,548
1771,6,,70.7,28373,Won,1891,1,549
1772,7,,29.08,11672,Lost,1892,1,549
1773,6,,67.29,26086,Won,1893,1,550
1774,7,,32.63,12651,Lost,1894,1,550
1775,6,,57.25,22421,Won,1895,1,551
1776,7,,42.67,16713,Lost,1896,1,551
1777,6,,66.64,26341,Won,1897,1,552
1778,7,,33.26,13148,Lost,1898,1,552
1779,6,,36.93,15057,Lost,1899,1,553
1780,7,,56.11,22875,Won,1900,1,553
1781,9,,6.86,2798,Lost,1901,1,553
1782,6,,51.91,22274,Won,1902,1,554
1783,7,,47.95,20577,Lost,1903,1,554
1784,6,,54.24,22901,Won,1904,1,555
1785,7,,45.67,19282,Lost,1905,1,555
1786,6,,70.2,25769,Won,1906,1,556
1787,7,,29.72,10910,Lost,1907,1,556
1788,6,,70.81,28063,Won,1908,1,557
1789,7,,29.09,11529,Lost,1909,1,557
1790,6,,58.52,21885,Won,1910,1,558
1791,7,,41.35,15463,Lost,1911,1,558
1792,6,,63.24,26839,Won,1912,1,559
1793,7,,36.65,15555,Lost,1913,1,559
1794,6,,55.96,23325,Won,1914,1,560
1795,7,,43.95,18317,Lost,1915,1,560
1796,6,,45.17,16944,Lost,1916,1,561
1797,7,,54.76,20540,Won,1917,1,561
1798,6,,62.97,25217,Won,1918,1,562
1799,7,,36.94,14793,Lost,1919,1,562
1800,6,,66,27249,Won,1920,1,563
1801,7,,33.89,13992,Lost,1921,1,563
1802,6,,71.71,30483,Won,1922,1,564
1803,7,,28.18,11979,Lost,1923,1,564
1804,6,,67.96,29650,Won,1924,1,565
1805,7,,31.91,13919,Lost,1925,1,565
1806,6,,56.53,23992,Won,1926,1,566
1807,7,,43.33,18388,Lost,1927,1,566
1808,6,,59.59,30175,Won,1928,1,567
1809,7,,34.24,17335,Lost,1929,1,567
1810,9,,6.08,3080,Lost,1930,1,567
1811,6,,60.18,29229,Won,1931,1,568
1812,7,,39.66,19263,Lost,1932,1,568
1813,6,,67.47,29655,Won,1933,1,569
1814,7,,32.35,14216,Lost,1934,1,569
1815,6,,48.77,20840,Lost,1935,1,570
1816,7,,51,21793,Won,1936,1,570
1817,6,,48.41,20838,Lost,1937,1,571
1818,7,,51.41,22129,Won,1938,1,571
1819,6,,58.61,27109,Won,1939,1,572
1820,7,,41.28,19094,Lost,1940,1,572
1821,6,,61.29,28960,Won,1941,1,573
1822,7,,38.6,18237,Lost,1942,1,573
1823,6,,31.77,9905,Lost,1943,1,574
1824,7,,67.84,21152,Won,1944,1,574
1825,6,,38.77,15939,Lost,1945,1,575
1826,7,,61.04,25096,Won,1946,1,575
1827,6,,45.62,21008,Lost,1947,1,576
1828,7,,54.21,24962,Won,1948,1,576
1829,6,,35.43,15149,Lost,1949,1,577
1830,7,,56.95,24347,Won,1950,1,577
1831,14,,7.48,3197,Lost,1951,1,577
1832,6,,50.13,25297,Won,1952,1,578
1833,7,,49.73,25096,Lost,1953,1,578
1834,6,,36.07,15588,Lost,1954,1,579
1835,7,,63.66,27509,Won,1955,1,579
1836,7,,96.58,35465,Won,1956,1,580
1837,6,,67.29,30920,Won,1957,1,581
1838,7,,32.6,14981,Lost,1958,1,581
1839,6,,48.79,23205,Lost,1959,1,582
1840,7,,51.1,24303,Won,1960,1,582
1841,6,,45.39,23557,Lost,1961,1,583
1842,7,,54.47,28273,Won,1962,1,583
1843,6,,40.14,16805,Lost,1963,1,584
1844,7,,59.53,24921,Won,1964,1,584
1845,6,,45.84,20662,Lost,1965,1,585
1846,7,,54.04,24358,Won,1966,1,585
1847,6,,42.01,18485,Lost,1967,1,586
1848,7,,57.84,25448,Won,1968,1,586
1849,6,,49.51,22636,Lost,1969,1,587
1850,7,,50.38,23035,Won,1970,1,587
1851,6,,46.7,19480,Lost,1971,1,588
1852,7,,53.13,22162,Won,1972,1,588
1853,6,,68.53,29132,Won,1973,1,589
1854,7,,31.24,13282,Lost,1974,1,589
1855,6,,55.07,23602,Won,1975,1,590
1856,7,,44.75,19178,Lost,1976,1,590
1857,6,,46.81,21633,Lost,1977,1,591
1858,7,,53.06,24519,Won,1978,1,591
1859,6,,49.53,22446,Lost,1979,1,592
1860,7,,50.38,22833,Won,1980,1,592
1861,6,,22.01,7814,Lost,1981,1,593
1862,7,,77.56,27541,Won,1982,1,593
1863,7,,77.53,31542,Won,1983,1,594
1864,15,,21.78,8861,Lost,1984,1,594
1865,6,,18.69,9924,Lost,1985,1,595
1866,7,,81.07,43045,Won,1986,1,595
1867,6,,11.58,3897,Lost,1987,1,596
1868,7,,87.84,29564,Won,1988,1,596
1869,6,,19.02,9068,Lost,1989,1,597
1870,7,,80.7,38470,Won,1990,1,597
1871,6,,23.11,11078,Lost,1991,1,598
1872,7,,76.67,36757,Won,1992,1,598
1873,6,,18.85,6479,Lost,1993,1,599
1874,7,,80.7,27743,Won,1994,1,599
1875,6,,25.39,9670,Lost,1995,1,600
1876,7,,74.34,28312,Won,1996,1,600
1877,6,,24.55,7091,Lost,1997,1,601
1878,7,,75.11,21696,Won,1998,1,601
